[502.541, 748.904, 1747.9, -54.6528, -37.5408, -65.5671],
[428.404, 623.988, 1632.41, -52.1734, -16.0038, -73.9552],
[488.101, 623.988, 1632.41, -49.2512, -16.0037, -73.9552],
[311.342, 686.331, 1386.24, -60.4734, 19.2803, -109.069],
[201.339, 697.986, 1137.71, -69.989, 39.4701, -119.758],
[215.91, 736.595, 1210.74, -85.4455, 42.2869, -163.951],
[-4.8145, 780.564, 1301.76, -109.174, 39.9899, 169.502],
[-42.9645, 845.932, 1163.6, -129.138, 44.8589, 132.42],
[-176.761, 712.073, 1374.4, -140.613, 22.7543, 113.093],
[-248.93, 662.538, 1476.31, -146.012, 6.9202, 92.8864],
[-252.33, 803.593, 1775.33, -149.466, -17.3238, 87.0682],
[-296.16, 721.407, 1794.56, -149.662, -29.8532, 61.878],
[-104.902, 644.714, 1791.81, -128.239, -38.7863, 32.3781],
[30.0769, 712.896, 1959.58, -109.528, -53.836, 10.0759],
[230.861, 684.467, 1730.26, -77.345, -40.3959, -26.2613],
[81.7255, 754.258, 1779.4, -97.477, -38.5805, -19.268],
[-88.8145, 715.145, 1664.1, -119.684, -36.258, 11.0892],
[5.1047, 759.122, 1609.29, -118.341, -28.0674, 26.3539],
[-164.969, 836.918, 1378.89, -140.061, -7.4873, 43.6978],
[-183.324, 762.363, 1596.05, -137.946, -6.5386, 78.2328],
[-186.372, 675.56, 1401.22, -140.97, 14.9892, 90.7095],
[-98.8353, 673.676, 1530, -132.712, 17.1424, 120.38],
[-11.3766, 721.465, 1433.02, -116.252, 30.3035, 143.075],
[227.531, 756.735, 1340.91, -95.1003, 35.3152, 171.447],
[182.624, 596.875, 1487.38, -82.8398, 27.5587, -169.194],
[89.6273, 704.242, 1333.6, -76.9791, 27.2199, -132.522],
[411.553, 599.348, 1457.45, -56.2829, 9.786, -109.15],
[247.669, 700.071, 1623.39, -65.256, -11.2318, -95.5458],
[238.318, 660.391, 1690.35, -63.2838, -20.7935, -78.7815],
[153.239, 726.556, 1819.55, -78.4379, -38.4868, -58.3028],
[-151.592, 766.367, 1650.04, -115.601, -28.7546, -16.9405],
[-215.278, 948.608, 1870.92, -106.954, -43.4918, -46.9004],
[20.598, 803.163, 1781.05, -81.5841, -31.7511, -77.5552],
[108.158, 778.296, 1768.66, -75.0785, -21.4271, -92.9159],
[325.122, 820.924, 1914.3, -57.4197, -17.723, -132.836],
[470.474, 804.482, 1672.72, -57.7449, 3.7802, -142.604],
[432.753, 798.029, 1572.94, -64.443, 17.6065, -158.874],
[362.507, 809.199, 1348.14, -79.811, 34.7399, 174.627],
[342.306, 683.411, 1362.53, -94.468, 33.1334, 143.715],
[304.356, 718.062, 1135.59, -103.894, 41.0682, 116.518],
[105.675, 892.922, 1012.74, -130.543, 41.7711, 78.8386],
[-18.9167, 744.424, 1122.05, -136.86, 24.3892, 64.1388],
[-157.839, 873.135, 1248.65, -144.724, 10.0405, 48.7073],
[-298.434, 820.109, 1379.3, -140.734, -10.1475, 25.1452],
[-411.033, 861.113, 1544.96, -140.877, -22.8507, 7.5319],
[281.127, 443.005, 1345.98, -79.6614, -16.2436, -15.3216],
[371.868, 446.596, 1491.15, -86.1075, -24.0984, 6.7314],
[70.8372, 474.612, 1667.79, -107.59, -32.5433, 27.3764],
[48.5003, 531.266, 1760.64, -125.057, -31.6343, 55.371],
[229.862, 498.411, 1752.16, -117.163, -22.0931, 79.4104],
[-167.625, 596.035, 1633.95, -141.082, -2.0476, 101.183],
[-391.416, 662.36, 1611.76, -148.503, 11.7368, 124.319],
[-350.47, 643.61, 1371.73, -140.663, 27.7109, 142.556],
[-335.225, 497.431, 1379.93, -121.704, 34.6132, 172.272],
[-241.372, 634.928, 1438.79, -112.764, 32.3395, -167.816],
[14.5096, 395.038, 1307.43, -84.2423, 32.0659, -137.76],
[109.203, 550.723, 1269.2, -70.1699, 25.283, -107.784],
[32.6174, 573.801, 1231.7, -73.2716, 16.5255, -84.6104],
[112.584, 544.444, 1173.25, -71.7511, 5.3299, -61.5646],
[452.804, 454.554, 1417.53, -58.6606, -13.2556, -40.5247],
[400.626, 772.795, 1216.94, -56.3177, 10.8946, -41.8869],
[339.167, 850.266, 1127.66, -53.8714, 25.533, -56.0926],
[31.5871, 796.02, 1058.53, -74.8551, 40.6297, -83.2838],
[129.873, 1038.02, 999.774, -88.7126, 54.497, -110.477],
[-139.574, 1011.73, 1131.35, -115.554, 51.1904, -145.922],
[-252.898, 847.508, 1314.62, -130.401, 38.0113, 179.887],
[-313.165, 863.816, 1431.44, -146.548, 28.4835, 157.354],
[-348.813, 1015.71, 1831.41, -155.632, -0.9314, 149.529],
[-196.83, 995.74, 1934.96, -152.12, -21.0123, 129.033],
[-15.0755, 775.197, 1899.19, -136.794, -30.2023, 102.784],
[-19.2645, 1034.48, 2007.98, -135.092, -43.3908, 92.7428],
[211.973, 881.839, 1956.13, -116.907, -56.5515, 56.8926],
[308.683, 839.259, 1735.11, -82.7993, -43.9073, 14.8261],
[393.575, 821.552, 1649.24, -67.7616, -33.148, -7.3119],
[421.991, 804.765, 1541.41, -59.7803, -19.0778, -29.0178],
[411.506, 604.773, 1742.46, -65.3464, -31.7564, -31.7572],
[211.833, 667.364, 1853.37, -93.4334, -41.9166, 2.9847],
[45.8184, 649.023, 1656.02, -107.458, -27.6165, 24.9128],
[-283.417, 588.572, 1679.12, -135.869, -26.669, 52.3815],
[-324.012, 758.7, 1731.39, -141.163, -13.3478, 82.6651],
[-140.151, 592.062, 1522, -132.957, -0.8557, 94.7225],
[-89.8057, 501.658, 1513.82, -128.082, 8.6845, 119.036],
[-251.921, 737.27, 1267.49, -137.134, 32.9742, 135.417],
[-32.524, 738.141, 1140.6, -115.047, 42.8973, 165.036],
[85.3154, 645.23, 1251.26, -93.5308, 41.4269, -162.844],
[2.0277, 476.873, 1330.51, -96.2859, 13.9574, -136.436],
[367.75, 701.643, 1239.83, -56.4275, 29.018, -109.024],
[223.31, 571.426, 1383.65, -65.9141, 10.3537, -84.8909],
[496.259, 638.827, 1466.49, -55.3897, -5.1698, -63.86],
[248.755, 525.383, 1558.72, -68.358, -17.5053, -50.942],

